3.000,0.105,0.312,0.000,2,2394,-1
3.000,0.125,0.415,0.000,2,2394,-1
3.417,-1.000,0.198,0.000,2,2394,-1
3.540,-1.000,0.174,0.000,2,2394,-1
3.615,-1.000,0.158,0.000,2,2394,-1
3.714,-1.000,0.147,0.000,1,2394,-1
4.000,0.099,0.198,0.000,1,2394,-1
4.297,-1.000,0.146,0.000,1,2394,-1
4.443,-1.000,0.146,0.000,1,2394,-1
8.000,0.093,0.243,0.000,2,2394,-1
8.000,0.109,0.330,0.000,2,2394,-1
8.336,-1.000,0.167,0.000,2,2394,-1
8.439,-1.000,0.146,0.000,2,2394,-1
8.503,-1.000,0.180,0.000,2,2394,-1
8.585,-1.000,0.156,0.000,1,2394,-1
12.001,0.084,0.235,0.000,1,2394,-1
12.320,-1.000,0.145,0.000,1,2394,-1
12.465,-1.000,0.144,0.000,1,2394,-1
14.000,0.107,0.212,0.000,1,2394,-1
14.319,-1.000,0.144,0.000,1,2394,-1
14.463,-1.000,0.143,0.000,1,2394,-1
15.999,0.088,0.232,0.000,1,2394,-1
16.319,-1.000,0.146,0.000,1,2394,-1
16.465,-1.000,0.143,0.000,1,2394,-1
17.000,0.067,0.256,0.000,1,2394,-1
17.323,-1.000,0.190,0.000,1,2394,-1
17.513,-1.000,0.172,0.000,1,2394,-1
20.000,0.081,0.238,0.000,1,2394,-1
20.319,-1.000,0.143,0.000,1,2394,-1
20.462,-1.000,0.143,0.000,1,2394,-1
24.000,0.091,0.207,0.000,2,2394,-1
24.000,0.106,0.272,0.000,2,2394,-1
24.298,-1.000,0.183,0.000,2,2394,-1
24.378,-1.000,0.157,0.000,2,2394,-1
24.481,-1.000,0.150,0.000,2,2394,-1
24.535,-1.000,0.149,0.000,1,2394,-1
30.998,0.082,0.208,0.000,1,2394,-1
31.288,-1.000,0.143,0.000,1,2394,-1
31.431,-1.000,0.144,0.000,1,2394,-1
33.998,0.096,0.203,0.000,2,2394,-1
33.998,0.100,0.266,0.000,2,2394,-1
34.297,-1.000,0.172,0.000,2,2394,-1
34.364,-1.000,0.168,0.000,2,2394,-1
34.469,-1.000,0.162,0.000,2,2394,-1
34.532,-1.000,0.151,0.000,1,2394,-1
35.998,0.102,0.187,0.000,1,2394,-1
36.287,-1.000,0.143,0.000,1,2394,-1
36.430,-1.000,0.169,0.000,1,2394,-1
40.998,0.090,0.207,0.000,2,2394,-1
40.998,0.103,0.263,0.000,2,2394,-1
41.295,-1.000,0.175,0.000,2,2394,-1
41.364,-1.000,0.168,0.000,2,2394,-1
41.470,-1.000,0.157,0.000,2,2394,-1
41.532,-1.000,0.149,0.000,1,2394,-1
41.998,0.067,0.190,0.000,1,2394,-1
42.255,-1.000,0.170,0.000,1,2394,-1
42.425,-1.000,0.172,0.000,1,2394,-1
43.997,0.082,0.208,0.000,1,2394,-1
44.287,-1.000,0.143,0.000,1,2394,-1
44.430,-1.000,0.144,0.000,1,2394,-1
44.997,0.113,0.189,0.000,1,2394,-1
45.299,-1.000,0.173,0.000,1,2394,-1
45.472,-1.000,0.169,0.000,1,2394,-1
46.997,0.077,0.208,0.000,1,2394,-1
47.282,-1.000,0.146,0.000,1,2394,-1
47.428,-1.000,0.145,0.000,1,2394,-1
48.997,0.081,0.205,0.000,1,2394,-1
49.283,-1.000,0.146,0.000,1,2394,-1
49.429,-1.000,0.169,0.000,1,2394,-1
50.998,0.087,0.201,0.000,1,2394,-1
51.286,-1.000,0.145,0.000,1,2394,-1
51.431,-1.000,0.143,0.000,1,2394,-1
51.997,0.067,0.186,0.000,1,2394,-1
52.250,-1.000,0.174,0.000,1,2394,-1
52.424,-1.000,0.169,0.000,1,2394,-1
53.997,0.081,0.207,0.000,1,2394,-1
54.285,-1.000,0.144,0.000,1,2394,-1
54.429,-1.000,0.170,0.000,1,2394,-1
55.997,0.085,0.200,0.000,1,2394,-1
56.282,-1.000,0.145,0.000,1,2394,-1
56.427,-1.000,0.145,0.000,1,2394,-1
60.996,0.082,0.205,0.000,1,2394,-1
61.283,-1.000,0.145,0.000,1,2394,-1
61.428,-1.000,0.170,0.000,1,2394,-1
62.997,0.105,0.182,0.000,1,2394,-1
63.284,-1.000,0.145,0.000,1,2394,-1
63.429,-1.000,0.170,0.000,1,2394,-1
63.996,0.067,0.185,0.000,1,2394,-1
64.248,-1.000,0.175,0.000,1,2394,-1
64.423,-1.000,0.171,0.000,1,2394,-1
67.996,0.085,0.199,0.000,1,2394,-1
68.280,-1.000,0.147,0.000,1,2394,-1
68.427,-1.000,0.144,0.000,1,2394,-1
68.996,0.067,0.187,0.000,1,2394,-1
69.250,-1.000,0.174,0.000,1,2394,-1
69.424,-1.000,0.170,0.000,1,2394,-1
70.996,0.082,0.205,0.000,1,2394,-1
71.283,-1.000,0.143,0.000,1,2394,-1
71.426,-1.000,0.171,0.000,1,2394,-1
71.995,0.114,0.185,0.000,1,2394,-1
72.294,-1.000,0.176,0.000,1,2394,-1
72.470,-1.000,0.168,0.000,1,2394,-1
72.995,0.113,0.186,0.000,1,2394,-1
73.294,-1.000,0.176,0.000,1,2394,-1
73.470,-1.000,0.170,0.000,1,2394,-1
74.995,0.081,0.206,0.000,1,2394,-1
75.282,-1.000,0.144,0.000,1,2394,-1
75.426,-1.000,0.170,0.000,1,2394,-1
75.996,0.112,0.188,0.000,1,2394,-1
76.296,-1.000,0.174,0.000,1,2394,-1
76.470,-1.000,0.170,0.000,1,2394,-1
76.995,0.115,0.187,0.000,1,2394,-1
77.297,-1.000,0.174,0.000,1,2394,-1
77.471,-1.000,0.170,0.000,1,2394,-1
78.995,0.083,0.205,0.000,1,2394,-1
79.283,-1.000,0.144,0.000,1,2394,-1
79.427,-1.000,0.170,0.000,1,2394,-1
82.995,0.089,0.203,0.000,2,2394,-1
82.995,0.103,0.256,0.000,2,2394,-1
83.287,-1.000,0.150,0.000,2,2394,-1
83.354,-1.000,0.177,0.000,2,2394,-1
83.437,-1.000,0.147,0.000,2,2394,-1
83.531,-1.000,0.149,0.000,1,2394,-1
84.994,0.101,0.185,0.000,1,2394,-1
85.280,-1.000,0.145,0.000,1,2394,-1
85.425,-1.000,0.170,0.000,1,2394,-1
86.995,0.075,0.210,0.000,1,2394,-1
87.280,-1.000,0.146,0.000,1,2394,-1
87.426,-1.000,0.170,0.000,1,2394,-1
89.994,0.079,0.206,0.000,1,2394,-1
90.279,-1.000,0.145,0.000,1,2394,-1
90.424,-1.000,0.170,0.000,1,2394,-1
91.994,0.080,0.205,0.000,1,2394,-1
92.279,-1.000,0.147,0.000,1,2394,-1
92.426,-1.000,0.168,0.000,1,2394,-1
92.995,0.112,0.188,0.000,1,2394,-1
93.295,-1.000,0.175,0.000,1,2394,-1
93.470,-1.000,0.168,0.000,1,2394,-1
93.995,0.114,0.186,0.000,1,2394,-1
94.295,-1.000,0.176,0.000,1,2394,-1
94.471,-1.000,0.171,0.000,1,2394,-1
96.994,0.077,0.205,0.000,1,2394,-1
97.276,-1.000,0.172,0.000,1,2394,-1
97.448,-1.000,0.170,0.000,1,2394,-1
98.993,0.082,0.204,0.000,1,2394,-1
99.279,-1.000,0.145,0.000,1,2394,-1
99.424,-1.000,0.170,0.000,1,2394,-1
100.993,0.079,0.205,0.000,1,2394,-1
101.277,-1.000,0.146,0.000,1,2394,-1
101.423,-1.000,0.170,0.000,1,2394,-1
